{
  "aggregation_name": "10",
  "parts": {
    "1": {
      "parent": 0,
      "name": "BRANCH",
      "transform": {
        "M00": 5.96046448E-08,
        "M01": 0.8164966,
        "M02": 0.5773502,
        "M03": 0.357233554,
        "M10": 0.816496551,
        "M11": 0.333333284,
        "M12": -0.471404552,
        "M13": 0.18981947,
        "M20": 0.577350259,
        "M21": -0.471404552,
        "M22": 0.6666666,
        "M23": 0.165237159,
        "M30": 0.0,
        "M31": 0.0,
        "M32": 0.0,
        "M33": 1.0
      },
      "active_connections": [
        0,
        1,
        2,
        3,
        4,
        6,
        7,
        8,
        10,
        11,
        12,
        13,
        15,
        16
      ],
      "children": [
        2,
        3,
        5
      ],
      "is_constrained": false,
      "parentCon": null,
      "childCons": null
    },
    "2": {
      "parent": 1,
      "name": "BRANCH",
      "transform": {
        "M00": 0.49999994,
        "M01": -0.8164967,
        "M02": 0.2886751,
        "M03": 0.578578532,
        "M10": -0.8164967,
        "M11": -0.333333343,
        "M12": 0.4714044,
        "M13": 0.24106802,
        "M20": 0.288675129,
        "M21": 0.471404433,
        "M22": 0.8333333,
        "M23": 0.247194514,
        "M30": 0.0,
        "M31": 0.0,
        "M32": 0.0,
        "M33": 1.0
      },
      "active_connections": [
        0,
        1,
        2,
        3,
        4,
        5,
        6,
        7,
        8,
        9,
        11,
        12,
        13,
        15,
        17
      ],
      "children": [
        13,
        22
      ],
      "is_constrained": false,
      "parentCon": null,
      "childCons": null
    },
    "3": {
      "parent": 1,
      "name": "BRANCH",
      "transform": {
        "M00": 0.5,
        "M01": 2.98023224E-08,
        "M02": -0.866025448,
        "M03": 0.09838862,
        "M10": -2.98023224E-08,
        "M11": 1.0,
        "M12": 0.0,
        "M13": 0.0283646733,
        "M20": -0.866025448,
        "M21": -1.1920929E-07,
        "M22": -0.50000006,
        "M23": 0.281974643,
        "M30": 0.0,
        "M31": 0.0,
        "M32": 0.0,
        "M33": 1.0
      },
      "active_connections": [
        0,
        1,
        2,
        4,
        5,
        6,
        7,
        8,
        9,
        10,
        11,
        12,
        13,
        14,
        16
      ],
      "children": [
        10,
        26
      ],
      "is_constrained": false,
      "parentCon": null,
      "childCons": null
    },
    "5": {
      "parent": 1,
      "name": "STICK",
      "transform": {
        "M00": -0.5,
        "M01": 5.96046448E-08,
        "M02": -0.866025448,
        "M03": 0.4075,
        "M10": 1.1920929E-07,
        "M11": -1.0,
        "M12": -1.1920929E-07,
        "M13": 0.552522838,
        "M20": 0.866025448,
        "M21": 1.1920929E-07,
        "M22": -0.50000006,
        "M23": 0.119862452,
        "M30": 0.0,
        "M31": 0.0,
        "M32": 0.0,
        "M33": 1.0
      },
      "active_connections": [
        0,
        1,
        3,
        4,
        6,
        7
      ],
      "children": [
        8,
        12,
        19
      ],
      "is_constrained": false,
      "parentCon": null,
      "childCons": null
    },
    "8": {
      "parent": 5,
      "name": "STICK",
      "transform": {
        "M00": 0.5,
        "M01": -2.98023224E-08,
        "M02": -0.866025448,
        "M03": 0.3325,
        "M10": -2.98023224E-08,
        "M11": -1.0,
        "M12": 0.0,
        "M13": 0.60252285,
        "M20": 0.866025448,
        "M21": -1.1920929E-07,
        "M22": 0.50000006,
        "M23": 0.07656118,
        "M30": 0.0,
        "M31": 0.0,
        "M32": 0.0,
        "M33": 1.0
      },
      "active_connections": [
        0,
        2,
        3,
        4,
        5,
        6,
        8,
        9
      ],
      "children": [
        33
      ],
      "is_constrained": false,
      "parentCon": null,
      "childCons": null
    },
    "10": {
      "parent": 3,
      "name": "BRANCH",
      "transform": {
        "M00": -0.5,
        "M01": 0.0,
        "M02": 0.866025448,
        "M03": 0.12671344,
        "M10": -0.8164966,
        "M11": 0.333333373,
        "M12": -0.471404552,
        "M13": 0.18981944,
        "M20": 0.288675159,
        "M21": 0.942809045,
        "M22": 0.166666687,
        "M23": 0.5645097,
        "M30": 0.0,
        "M31": 0.0,
        "M32": 0.0,
        "M33": 1.0
      },
      "active_connections": [
        0,
        1,
        2,
        3,
        4,
        6,
        7,
        8,
        9,
        11,
        12,
        13,
        15,
        16,
        17
      ],
      "children": [
        15,
        17
      ],
      "is_constrained": false,
      "parentCon": null,
      "childCons": null
    },
    "12": {
      "parent": 5,
      "name": "STICK",
      "transform": {
        "M00": 0.5,
        "M01": 2.98023224E-08,
        "M02": 0.866025448,
        "M03": 0.4075,
        "M10": 2.98023224E-08,
        "M11": -1.0,
        "M12": 0.0,
        "M13": 0.652522862,
        "M20": -0.866025448,
        "M21": -1.1920929E-07,
        "M22": 0.50000006,
        "M23": 0.206464991,
        "M30": 0.0,
        "M31": 0.0,
        "M32": 0.0,
        "M33": 1.0
      },
      "active_connections": [
        0,
        2,
        3,
        4,
        5,
        7,
        8,
        9
      ],
      "children": [
        30
      ],
      "is_constrained": false,
      "parentCon": null,
      "childCons": null
    },
    "13": {
      "parent": 2,
      "name": "STICK",
      "transform": {
        "M00": -0.5,
        "M01": 0.0,
        "M02": 0.866025448,
        "M03": 0.514149666,
        "M10": 0.8164966,
        "M11": -0.333333373,
        "M12": 0.4714045,
        "M13": 0.3191895,
        "M20": -0.288675159,
        "M21": -0.9428091,
        "M22": -0.166666687,
        "M23": 0.5797494,
        "M30": 0.0,
        "M31": 0.0,
        "M32": 0.0,
        "M33": 1.0
      },
      "active_connections": [
        0,
        1,
        2,
        4,
        5,
        6,
        7,
        8
      ],
      "children": [
        14
      ],
      "is_constrained": false,
      "parentCon": null,
      "childCons": null
    },
    "14": {
      "parent": 13,
      "name": "STICK",
      "transform": {
        "M00": 0.5,
        "M01": 0.0,
        "M02": -0.866025448,
        "M03": 0.514149666,
        "M10": -0.8164966,
        "M11": -0.333333373,
        "M12": -0.471404552,
        "M13": 0.237539843,
        "M20": 0.288675159,
        "M21": -0.9428091,
        "M22": 0.166666687,
        "M23": 0.608616948,
        "M30": 0.0,
        "M31": 0.0,
        "M32": 0.0,
        "M33": 1.0
      },
      "active_connections": [
        0,
        2,
        4,
        6,
        7,
        9
      ],
      "children": [
        18,
        20,
        31
      ],
      "is_constrained": false,
      "parentCon": null,
      "childCons": null
    },
    "15": {
      "parent": 10,
      "name": "BRANCH",
      "transform": {
        "M00": -0.5,
        "M01": 0.0,
        "M02": -0.866025448,
        "M03": 0.205038279,
        "M10": -0.8164966,
        "M11": -0.333333373,
        "M12": 0.4714045,
        "M13": 0.118593544,
        "M20": 0.288675159,
        "M21": -0.9428091,
        "M22": -0.166666687,
        "M23": 0.7585226,
        "M30": 0.0,
        "M31": 0.0,
        "M32": 0.0,
        "M33": 1.0
      },
      "active_connections": [
        0,
        1,
        2,
        3,
        4,
        5,
        7,
        8,
        9,
        10,
        11,
        12,
        13,
        14,
        15,
        16
      ],
      "children": [
        37
      ],
      "is_constrained": false,
      "parentCon": null,
      "childCons": null
    },
    "17": {
      "parent": 10,
      "name": "BRANCH",
      "transform": {
        "M00": 5.96046448E-08,
        "M01": 0.8164966,
        "M02": 0.5773502,
        "M03": -0.0126780281,
        "M10": -0.816496551,
        "M11": -0.333333284,
        "M12": 0.471404552,
        "M13": 0.4152262,
        "M20": -0.577350259,
        "M21": 0.4714045,
        "M22": -0.6666666,
        "M23": 0.5420531,
        "M30": 0.0,
        "M31": 0.0,
        "M32": 0.0,
        "M33": 1.0
      },
      "active_connections": [
        0,
        1,
        2,
        3,
        4,
        5,
        6,
        7,
        8,
        9,
        10,
        11,
        12,
        14,
        15,
        17
      ],
      "children": [],
      "is_constrained": false,
      "parentCon": null,
      "childCons": null
    },
    "18": {
      "parent": 14,
      "name": "STICK",
      "transform": {
        "M00": -1.0,
        "M01": -1.25672563E-15,
        "M02": 2.164935E-15,
        "M03": 0.589149654,
        "M10": -2.460029E-15,
        "M11": 0.333333343,
        "M12": -0.9428091,
        "M13": 0.180048347,
        "M20": -4.632073E-16,
        "M21": 0.942809045,
        "M22": 0.333333343,
        "M23": 0.5759102,
        "M30": 0.0,
        "M31": 0.0,
        "M32": 0.0,
        "M33": 1.0
      },
      "active_connections": [
        0,
        1,
        2,
        3,
        4,
        5,
        6,
        8,
        9
      ],
      "children": [],
      "is_constrained": false,
      "parentCon": null,
      "childCons": null
    },
    "19": {
      "parent": 5,
      "name": "BRANCH",
      "transform": {
        "M00": 0.0,
        "M01": 0.8164966,
        "M02": 0.5773502,
        "M03": 0.357233554,
        "M10": 0.816496551,
        "M11": -0.333333254,
        "M12": 0.471404552,
        "M13": 0.9152262,
        "M20": -0.577350259,
        "M21": -0.471404552,
        "M22": 0.6666667,
        "M23": 0.165237129,
        "M30": 0.0,
        "M31": 0.0,
        "M32": 0.0,
        "M33": 1.0
      },
      "active_connections": [
        0,
        2,
        4,
        5,
        6,
        7,
        8,
        9,
        10,
        11,
        12,
        13,
        14,
        16
      ],
      "children": [
        24,
        28,
        34
      ],
      "is_constrained": false,
      "parentCon": null,
      "childCons": null
    },
    "20": {
      "parent": 14,
      "name": "BRANCH",
      "transform": {
        "M00": -2.38418579E-07,
        "M01": 0.8164967,
        "M02": 0.5773503,
        "M03": 0.463883221,
        "M10": 0.2721656,
        "M11": -0.5555556,
        "M12": 0.7856742,
        "M13": 0.40122062,
        "M20": -0.962250531,
        "M21": -0.15713501,
        "M22": 0.222222209,
        "M23": 0.935452044,
        "M30": 0.0,
        "M31": 0.0,
        "M32": 0.0,
        "M33": 1.0
      },
      "active_connections": [
        0,
        1,
        2,
        3,
        4,
        5,
        6,
        7,
        8,
        9,
        11,
        12,
        13,
        15
      ],
      "children": [
        21,
        25
      ],
      "is_constrained": false,
      "parentCon": null,
      "childCons": null
    },
    "21": {
      "parent": 20,
      "name": "BRANCH",
      "transform": {
        "M00": 0.499999881,
        "M01": 0.81649673,
        "M02": -0.2886752,
        "M03": 0.3747208,
        "M10": -0.544331133,
        "M11": 0.5555555,
        "M12": 0.6285393,
        "M13": 0.164775282,
        "M20": -0.6735754,
        "M21": 0.157134652,
        "M22": -0.722222269,
        "M23": 0.964690745,
        "M30": 0.0,
        "M31": 0.0,
        "M32": 0.0,
        "M33": 1.0
      },
      "active_connections": [
        0,
        1,
        2,
        3,
        4,
        5,
        6,
        8,
        9,
        10,
        11,
        12,
        13,
        15,
        16
      ],
      "children": [],
      "is_constrained": false,
      "parentCon": null,
      "childCons": null
    },
    "23": {
      "parent": 22,
      "name": "BRANCH",
      "transform": {
        "M00": 5.96046448E-08,
        "M01": -0.8164966,
        "M02": -0.5773502,
        "M03": 1.04101467,
        "M10": 0.816496551,
        "M11": -0.333333284,
        "M12": 0.471404552,
        "M13": 0.348559529,
        "M20": 0.577350259,
        "M21": 0.4714045,
        "M22": -0.6666666,
        "M23": 0.07064859,
        "M30": 0.0,
        "M31": 0.0,
        "M32": 0.0,
        "M33": 1.0
      },
      "active_connections": [
        0,
        1,
        2,
        3,
        4,
        5,
        6,
        8,
        9,
        11,
        12,
        13,
        14,
        15,
        16,
        17
      ],
      "children": [
        27
      ],
      "is_constrained": false,
      "parentCon": null,
      "childCons": null
    },
    "24": {
      "parent": 19,
      "name": "STICK",
      "transform": {
        "M00": 0.0,
        "M01": 0.8164966,
        "M02": -0.577350259,
        "M03": 0.112551019,
        "M10": -0.8164966,
        "M11": -0.3333333,
        "M12": -0.471404552,
        "M13": 1.03417253,
        "M20": 0.577350259,
        "M21": -0.471404552,
        "M22": -0.6666667,
        "M23": 0.203548789,
        "M30": 0.0,
        "M31": 0.0,
        "M32": 0.0,
        "M33": 1.0
      },
      "active_connections": [
        0,
        1,
        2,
        4,
        6,
        8,
        9
      ],
      "children": [
        32,
        43
      ],
      "is_constrained": false,
      "parentCon": null,
      "childCons": null
    },
    "25": {
      "parent": 20,
      "name": "BRANCH",
      "transform": {
        "M00": -0.5000001,
        "M01": -2.98023224E-08,
        "M02": -0.866025448,
        "M03": 0.205187812,
        "M10": 0.5443311,
        "M11": -0.777777851,
        "M12": -0.314269781,
        "M13": 0.6001707,
        "M20": 0.6735754,
        "M21": 0.6285393,
        "M22": -0.3888889,
        "M23": 0.9247672,
        "M30": 0.0,
        "M31": 0.0,
        "M32": 0.0,
        "M33": 1.0
      },
      "active_connections": [
        0,
        1,
        2,
        3,
        4,
        5,
        6,
        7,
        8,
        9,
        10,
        11,
        12,
        13,
        17
      ],
      "children": [],
      "is_constrained": false,
      "parentCon": null,
      "childCons": null
    },
    "26": {
      "parent": 3,
      "name": "STICK",
      "transform": {
        "M00": -1.00000024,
        "M01": 1.0442742E-15,
        "M02": 8.326674E-16,
        "M03": 0.187551022,
        "M10": -1.0442742E-15,
        "M11": -1.00000012,
        "M12": -1.1920929E-07,
        "M13": -0.179126829,
        "M20": -8.326674E-16,
        "M21": -1.1920929E-07,
        "M22": -1.00000012,
        "M23": 0.246850044,
        "M30": 0.0,
        "M31": 0.0,
        "M32": 0.0,
        "M33": 1.0
      },
      "active_connections": [
        0,
        1,
        2,
        3,
        4,
        6,
        7,
        8
      ],
      "children": [
        40
      ],
      "is_constrained": false,
      "parentCon": null,
      "childCons": null
    },
    "27": {
      "parent": 23,
      "name": "BRANCH",
      "transform": {
        "M00": 5.96046448E-08,
        "M01": 0.8164966,
        "M02": 0.5773502,
        "M03": 1.01548183,
        "M10": 0.816496551,
        "M11": 0.333333284,
        "M12": -0.471404552,
        "M13": 0.123152792,
        "M20": 0.577350259,
        "M21": -0.471404552,
        "M22": 0.6666666,
        "M23": 0.204699248,
        "M30": 0.0,
        "M31": 0.0,
        "M32": 0.0,
        "M33": 1.0
      },
      "active_connections": [
        0,
        1,
        2,
        3,
        4,
        6,
        7,
        8,
        9,
        10,
        11,
        13,
        14,
        15,
        16,
        17
      ],
      "children": [
        36
      ],
      "is_constrained": false,
      "parentCon": null,
      "childCons": null
    },
    "30": {
      "parent": 12,
      "name": "STICK",
      "transform": {
        "M00": -0.5,
        "M01": 5.96046448E-08,
        "M02": -0.866025448,
        "M03": 0.4825,
        "M10": 1.1920929E-07,
        "M11": -1.0,
        "M12": -1.1920929E-07,
        "M13": 0.652522862,
        "M20": 0.866025448,
        "M21": 1.1920929E-07,
        "M22": -0.50000006,
        "M23": 0.24976626,
        "M30": 0.0,
        "M31": 0.0,
        "M32": 0.0,
        "M33": 1.0
      },
      "active_connections": [
        0,
        2,
        3,
        4,
        5,
        6,
        7,
        8,
        9
      ],
      "children": [],
      "is_constrained": false,
      "parentCon": null,
      "childCons": null
    },
    "31": {
      "parent": 14,
      "name": "STICK",
      "transform": {
        "M00": -0.5,
        "M01": 0.0,
        "M02": 0.866025448,
        "M03": 0.439149648,
        "M10": 0.8164966,
        "M11": -0.333333373,
        "M12": 0.4714045,
        "M13": 0.163381681,
        "M20": -0.288675159,
        "M21": -0.9428091,
        "M22": -0.166666687,
        "M23": 0.5287698,
        "M30": 0.0,
        "M31": 0.0,
        "M32": 0.0,
        "M33": 1.0
      },
      "active_connections": [
        1,
        2,
        3,
        4,
        5,
        6,
        8,
        9
      ],
      "children": [
        45
      ],
      "is_constrained": false,
      "parentCon": null,
      "childCons": null
    },
    "32": {
      "parent": 24,
      "name": "STICK",
      "transform": {
        "M00": 0.0,
        "M01": 0.8164966,
        "M02": 0.577350259,
        "M03": 0.137551025,
        "M10": 0.8164966,
        "M11": -0.3333333,
        "M12": 0.4714045,
        "M13": 1.1158222,
        "M20": -0.577350259,
        "M21": -0.471404552,
        "M22": 0.6666667,
        "M23": 0.189115018,
        "M30": 0.0,
        "M31": 0.0,
        "M32": 0.0,
        "M33": 1.0
      },
      "active_connections": [
        0,
        1,
        2,
        4,
        5,
        6,
        7,
        8,
        9
      ],
      "children": [],
      "is_constrained": false,
      "parentCon": null,
      "childCons": null
    },
    "33": {
      "parent": 8,
      "name": "STICK",
      "transform": {
        "M00": 0.5,
        "M01": -2.98023224E-08,
        "M02": 0.866025448,
        "M03": 0.2575,
        "M10": 2.98023224E-08,
        "M11": 1.0,
        "M12": 0.0,
        "M13": 0.4525228,
        "M20": 0.866025448,
        "M21": -1.1920929E-07,
        "M22": -0.50000006,
        "M23": 0.119862452,
        "M30": 0.0,
        "M31": 0.0,
        "M32": 0.0,
        "M33": 1.0
      },
      "active_connections": [
        0,
        1,
        3,
        4,
        5,
        6,
        7,
        8,
        9
      ],
      "children": [],
      "is_constrained": false,
      "parentCon": null,
      "childCons": null
    },
    "34": {
      "parent": 19,
      "name": "STICK",
      "transform": {
        "M00": -0.5000001,
        "M01": -0.8164967,
        "M02": 0.2886751,
        "M03": 0.112551026,
        "M10": -0.8164967,
        "M11": 0.333333343,
        "M12": -0.471404523,
        "M13": 0.911698,
        "M20": -0.288675129,
        "M21": 0.471404433,
        "M22": 0.8333333,
        "M23": 0.2901513,
        "M30": 0.0,
        "M31": 0.0,
        "M32": 0.0,
        "M33": 1.0
      },
      "active_connections": [
        0,
        1,
        2,
        4,
        5,
        6,
        8,
        9
      ],
      "children": [
        47
      ],
      "is_constrained": false,
      "parentCon": null,
      "childCons": null
    },
    "36": {
      "parent": 27,
      "name": "BRANCH",
      "transform": {
        "M00": -0.500000238,
        "M01": -0.8164966,
        "M02": 0.288675129,
        "M03": 1.23682678,
        "M10": -1.49011612E-08,
        "M11": -0.333333373,
        "M12": -0.942809343,
        "M13": 0.151274249,
        "M20": -0.866025448,
        "M21": 0.471404552,
        "M22": -0.1666667,
        "M23": 0.270303279,
        "M30": 0.0,
        "M31": 0.0,
        "M32": 0.0,
        "M33": 1.0
      },
      "active_connections": [
        0,
        1,
        2,
        3,
        4,
        5,
        6,
        7,
        8,
        9,
        10,
        12,
        13,
        14,
        15,
        16,
        17
      ],
      "children": [],
      "is_constrained": false,
      "parentCon": null,
      "childCons": null
    },
    "37": {
      "parent": 15,
      "name": "BRANCH",
      "transform": {
        "M00": -0.500000238,
        "M01": -0.8164966,
        "M02": 0.288675129,
        "M03": 0.283629537,
        "M10": 1.49011612E-08,
        "M11": 0.333333373,
        "M12": 0.942809045,
        "M13": -0.183686063,
        "M20": 0.866025448,
        "M21": -0.4714048,
        "M22": 0.1666667,
        "M23": 0.7295013,
        "M30": 0.0,
        "M31": 0.0,
        "M32": 0.0,
        "M33": 1.0
      },
      "active_connections": [
        0,
        1,
        2,
        3,
        4,
        5,
        6,
        7,
        8,
        9,
        10,
        11,
        12,
        13,
        15,
        17
      ],
      "children": [],
      "is_constrained": false,
      "parentCon": null,
      "childCons": null
    },
    "40": {
      "parent": 26,
      "name": "STICK",
      "transform": {
        "M00": 1.0,
        "M01": -1.0442742E-15,
        "M02": 8.326674E-16,
        "M03": 0.187551036,
        "M10": 1.0442742E-15,
        "M11": 1.00000012,
        "M12": -1.1920929E-07,
        "M13": -0.579126835,
        "M20": 8.326674E-16,
        "M21": -1.1920929E-07,
        "M22": -1.00000012,
        "M23": 0.246850044,
        "M30": 0.0,
        "M31": 0.0,
        "M32": 0.0,
        "M33": 1.0
      },
      "active_connections": [
        0,
        1,
        2,
        3,
        4,
        5,
        6,
        7,
        8
      ],
      "children": [],
      "is_constrained": false,
      "parentCon": null,
      "childCons": null
    },
    "41": {
      "parent": 6,
      "name": "BRANCH",
      "transform": {
        "M00": -0.5000001,
        "M01": 0.8164967,
        "M02": 0.2886751,
        "M03": 0.804111362,
        "M10": -0.8164967,
        "M11": -0.333333343,
        "M12": -0.471404523,
        "M13": -0.289333045,
        "M20": 0.288675129,
        "M21": 0.471404433,
        "M22": -0.8333333,
        "M23": 0.122741841,
        "M30": 0.0,
        "M31": 0.0,
        "M32": 0.0,
        "M33": 1.0
      },
      "active_connections": [
        0,
        1,
        2,
        3,
        4,
        5,
        6,
        7,
        8,
        9,
        10,
        11,
        12,
        13,
        15,
        17
      ],
      "children": [
        49
      ],
      "is_constrained": false,
      "parentCon": null,
      "childCons": null
    },
    "43": {
      "parent": 24,
      "name": "STICK",
      "transform": {
        "M00": 0.0,
        "M01": -0.8164966,
        "M02": 0.577350259,
        "M03": -0.06657311,
        "M10": -0.8164966,
        "M11": 0.3333333,
        "M12": 0.4714045,
        "M13": 1.076681,
        "M20": 0.577350259,
        "M21": 0.4714045,
        "M22": 0.6666667,
        "M23": 0.3935687,
        "M30": 0.0,
        "M31": 0.0,
        "M32": 0.0,
        "M33": 1.0
      },
      "active_connections": [
        0,
        2,
        4,
        5,
        6,
        7,
        8,
        9
      ],
      "children": [
        48
      ],
      "is_constrained": false,
      "parentCon": null,
      "childCons": null
    },
    "45": {
      "parent": 31,
      "name": "STICK",
      "transform": {
        "M00": 0.5,
        "M01": 0.0,
        "M02": 0.866025448,
        "M03": 0.36414966,
        "M10": 0.8164966,
        "M11": -0.333333373,
        "M12": -0.471404552,
        "M13": 0.187539846,
        "M20": -0.288675159,
        "M21": -0.9428091,
        "M22": 0.166666687,
        "M23": 0.46719557,
        "M30": 0.0,
        "M31": 0.0,
        "M32": 0.0,
        "M33": 1.0
      },
      "active_connections": [
        0,
        1,
        3,
        4,
        5,
        6,
        7,
        8,
        9
      ],
      "children": [],
      "is_constrained": false,
      "parentCon": null,
      "childCons": null
    },
    "47": {
      "parent": 34,
      "name": "STICK",
      "transform": {
        "M00": 0.0,
        "M01": -0.8164966,
        "M02": 0.577350259,
        "M03": 0.0217262,
        "M10": -0.8164966,
        "M11": 0.3333333,
        "M12": 0.4714045,
        "M13": 0.8875398,
        "M20": 0.577350259,
        "M21": 0.4714045,
        "M22": 0.6666667,
        "M23": 0.2559865,
        "M30": 0.0,
        "M31": 0.0,
        "M32": 0.0,
        "M33": 1.0
      },
      "active_connections": [
        0,
        1,
        3,
        4,
        5,
        6,
        7,
        8,
        9
      ],
      "children": [],
      "is_constrained": false,
      "parentCon": null,
      "childCons": null
    },
    "48": {
      "parent": 43,
      "name": "STICK",
      "transform": {
        "M00": 0.0,
        "M01": 0.8164966,
        "M02": -0.577350259,
        "M03": -0.139047608,
        "M10": -0.8164966,
        "M11": -0.3333333,
        "M12": -0.471404552,
        "M13": 1.16750586,
        "M20": 0.577350259,
        "M21": -0.471404552,
        "M22": -0.6666667,
        "M23": 0.5220144,
        "M30": 0.0,
        "M31": 0.0,
        "M32": 0.0,
        "M33": 1.0
      },
      "active_connections": [
        0,
        1,
        3,
        4,
        5,
        6,
        7,
        8,
        9
      ],
      "children": [],
      "is_constrained": false,
      "parentCon": null,
      "childCons": null
    },
    "50": {
      "parent": null,
      "name": "STICK",
      "transform": {
        "M00": 0.750110865,
        "M01": 0.3952171,
        "M02": 0.5302234,
        "M03": -0.136975884,
        "M10": -0.661311865,
        "M11": 0.4482858,
        "M12": 0.6014203,
        "M13": -0.06928778,
        "M20": 1.49011594E-08,
        "M21": 0.8017754,
        "M22": -0.5976256,
        "M23": 1.18237424,
        "M30": 0.0,
        "M31": 0.0,
        "M32": 0.0,
        "M33": 1.0
      },
      "active_connections": [
        0,
        1,
        2,
        3,
        4,
        5,
        6,
        7,
        8,
        9
      ],
      "children": [],
      "is_constrained": false,
      "parentCon": null,
      "childCons": []
    },
    "51": {
      "parent": 37,
      "name": "BRANCH",
      "transform": {
        "M00": -0.499999523,
        "M01": -0.5443312,
        "M02": -0.673575759,
        "M03": 0.5429398,
        "M10": 8.940697E-08,
        "M11": -0.777778,
        "M12": 0.6285391,
        "M13": -0.227985412,
        "M20": 0.8660258,
        "M21": -0.3142693,
        "M22": -0.3888886,
        "M23": 0.879214168,
        "M30": 0.0,
        "M31": 0.0,
        "M32": 0.0,
        "M33": 1.0
      },
      "active_connections": [
        0,
        1,
        2,
        3,
        4,
        5,
        6,
        7,
        8,
        9,
        10,
        11,
        12,
        13,
        15,
        17
      ],
      "children": [
        62
      ],
      "is_constrained": false,
      "parentCon": 14,
      "childCons": [
        15
      ]
    },
    "52": {
      "parent": 21,
      "name": "BRANCH",
      "transform": {
        "M00": -0.5,
        "M01": -0.8164968,
        "M02": -0.28867498,
        "M03": 0.117538184,
        "M10": 0.5443311,
        "M11": -0.555555344,
        "M12": 0.6285395,
        "M13": -0.0102151334,
        "M20": 0.673575461,
        "M21": -0.15713501,
        "M22": -0.7222222,
        "M23": 0.915196061,
        "M30": 0.0,
        "M31": 0.0,
        "M32": 0.0,
        "M33": 1.0
      },
      "active_connections": [
        0,
        1,
        2,
        3,
        4,
        5,
        6,
        7,
        8,
        9,
        10,
        11,
        12,
        13,
        15,
        16,
        17
      ],
      "children": [],
      "is_constrained": false,
      "parentCon": 14,
      "childCons": []
    },
    "53": {
      "parent": 25,
      "name": "BRANCH",
      "transform": {
        "M00": 0.0,
        "M01": 0.81649673,
        "M02": 0.57735,
        "M03": 0.169009954,
        "M10": 0.272166133,
        "M11": -0.5555552,
        "M12": 0.7856742,
        "M13": 0.8828704,
        "M20": -0.962250233,
        "M21": -0.157135129,
        "M22": 0.222222745,
        "M23": 0.765163243,
        "M30": 0.0,
        "M31": 0.0,
        "M32": 0.0,
        "M33": 1.0
      },
      "active_connections": [
        0,
        1,
        2,
        3,
        4,
        5,
        6,
        7,
        8,
        9,
        10,
        11,
        12,
        13,
        15
      ],
      "children": [
        55,
        57
      ],
      "is_constrained": false,
      "parentCon": 14,
      "childCons": [
        16,
        9
      ]
    },
    "54": {
      "parent": 20,
      "name": "BRANCH",
      "transform": {
        "M00": 2.38418579E-07,
        "M01": 0.816496551,
        "M02": -0.577350259,
        "M03": 0.7399489,
        "M10": 0.272165567,
        "M11": 0.5555555,
        "M12": 0.7856742,
        "M13": 0.5206556,
        "M20": -0.9622504,
        "M21": 0.15713501,
        "M22": 0.222222149,
        "M23": 0.9692335,
        "M30": 0.0,
        "M31": 0.0,
        "M32": 0.0,
        "M33": 1.0
      },
      "active_connections": [
        0,
        1,
        2,
        3,
        4,
        5,
        6,
        7,
        8,
        9,
        10,
        11,
        12,
        13,
        15,
        16,
        17
      ],
      "children": [],
      "is_constrained": false,
      "parentCon": 16,
      "childCons": []
    },
    "55": {
      "parent": 53,
      "name": "BRANCH",
      "transform": {
        "M00": -8.34465E-07,
        "M01": -0.272165447,
        "M02": 0.9622505,
        "M03": -0.0400339,
        "M10": 0.272166938,
        "M11": -0.9259257,
        "M12": -0.261891127,
        "M13": 1.09351051,
        "M20": -0.9622501,
        "M21": -0.261892557,
        "M22": -0.07407516,
        "M23": 0.8247416,
        "M30": 0.0,
        "M31": 0.0,
        "M32": 0.0,
        "M33": 1.0
      },
      "active_connections": [
        0,
        1,
        2,
        3,
        4,
        5,
        6,
        7,
        8,
        9,
        10,
        11,
        12,
        13,
        15,
        17
      ],
      "children": [
        58
      ],
      "is_constrained": false,
      "parentCon": 14,
      "childCons": [
        8
      ]
    },
    "56": {
      "parent": 17,
      "name": "BRANCH",
      "transform": {
        "M00": 1.78813934E-07,
        "M01": 0.81649673,
        "M02": -0.5773501,
        "M03": 0.263373017,
        "M10": -0.8164963,
        "M11": 0.333333641,
        "M12": 0.4714048,
        "M13": 0.486887217,
        "M20": -0.577350736,
        "M21": -0.471404076,
        "M22": -0.6666666,
        "M23": 0.4407092,
        "M30": 0.0,
        "M31": 0.0,
        "M32": 0.0,
        "M33": 1.0
      },
      "active_connections": [
        0,
        1,
        2,
        3,
        4,
        5,
        6,
        7,
        8,
        9,
        10,
        11,
        12,
        13,
        15,
        16,
        17
      ],
      "children": [],
      "is_constrained": false,
      "parentCon": 16,
      "childCons": []
    },
    "57": {
      "parent": 53,
      "name": "STICK",
      "transform": {
        "M00": -1.1920929E-07,
        "M01": -0.8164964,
        "M02": -0.577350736,
        "M03": 0.4892255,
        "M10": -0.272166967,
        "M11": -0.555555761,
        "M12": 0.785673559,
        "M13": 1.013073,
        "M20": 0.9622501,
        "M21": -0.157135963,
        "M22": 0.222223267,
        "M23": 0.8019902,
        "M30": 0.0,
        "M31": 0.0,
        "M32": 0.0,
        "M33": 1.0
      },
      "active_connections": [
        0,
        1,
        2,
        3,
        4,
        5,
        6,
        8
      ],
      "children": [
        60
      ],
      "is_constrained": false,
      "parentCon": 16,
      "childCons": [
        4
      ]
    },
    "58": {
      "parent": 55,
      "name": "STICK",
      "transform": {
        "M00": 2.38418579E-07,
        "M01": 0.272165328,
        "M02": 0.9622505,
        "M03": 0.04152692,
        "M10": -0.2721673,
        "M11": 0.925925553,
        "M12": -0.261891127,
        "M13": 1.4288038,
        "M20": 0.96225,
        "M21": 0.261893034,
        "M22": -0.0740748048,
        "M23": 0.9195773,
        "M30": 0.0,
        "M31": 0.0,
        "M32": 0.0,
        "M33": 1.0
      },
      "active_connections": [
        0,
        1,
        2,
        3,
        4,
        5,
        6,
        7
      ],
      "children": [
        59
      ],
      "is_constrained": false,
      "parentCon": 14,
      "childCons": [
        9
      ]
    },
    "59": {
      "parent": 58,
      "name": "STICK",
      "transform": {
        "M00": -1.1920929E-07,
        "M01": -0.2721653,
        "M02": 0.9622505,
        "M03": 0.150393054,
        "M10": 0.272167057,
        "M11": -0.9259256,
        "M12": -0.261891127,
        "M13": 1.79917407,
        "M20": -0.96225,
        "M21": -0.2618928,
        "M22": -0.07407454,
        "M23": 1.02433455,
        "M30": 0.0,
        "M31": 0.0,
        "M32": 0.0,
        "M33": 1.0
      },
      "active_connections": [
        0,
        1,
        2,
        3,
        4,
        5,
        6,
        7,
        8
      ],
      "children": [],
      "is_constrained": false,
      "parentCon": 9,
      "childCons": []
    },
    "60": {
      "parent": 57,
      "name": "STICK",
      "transform": {
        "M00": -0.5000005,
        "M01": -0.8164963,
        "M02": -0.2886753,
        "M03": 0.5142256,
        "M10": 0.5443295,
        "M11": -0.555555642,
        "M12": 0.6285406,
        "M13": 0.999464869,
        "M20": 0.6735763,
        "M21": -0.157136083,
        "M22": -0.7222211,
        "M23": 0.72019875,
        "M30": 0.0,
        "M31": 0.0,
        "M32": 0.0,
        "M33": 1.0
      },
      "active_connections": [
        0,
        1,
        2,
        3,
        5,
        6,
        7,
        8,
        9
      ],
      "children": [],
      "is_constrained": false,
      "parentCon": 7,
      "childCons": []
    },
    "61": {
      "parent": 25,
      "name": "BRANCH",
      "transform": {
        "M00": -0.499999881,
        "M01": -0.81649673,
        "M02": -0.288675457,
        "M03": -0.02064266,
        "M10": 0.5443307,
        "M11": -0.5555555,
        "M12": 0.628539741,
        "M13": 0.398650974,
        "M20": 0.6735759,
        "M21": -0.157134891,
        "M22": -0.7222218,
        "M23": 0.9200072,
        "M30": 0.0,
        "M31": 0.0,
        "M32": 0.0,
        "M33": 1.0
      },
      "active_connections": [
        0,
        1,
        2,
        3,
        4,
        5,
        6,
        7,
        8,
        9,
        10,
        11,
        12,
        13,
        15,
        16,
        17
      ],
      "children": [],
      "is_constrained": false,
      "parentCon": 16,
      "childCons": []
    },
    "62": {
      "parent": 51,
      "name": "BRANCH",
      "transform": {
        "M00": 5.96046448E-08,
        "M01": -0.272165,
        "M02": 0.96225065,
        "M03": 0.7464208,
        "M10": -0.8164967,
        "M11": -0.5555556,
        "M12": -0.157134414,
        "M13": 0.0238749869,
        "M20": -0.5773502,
        "M21": 0.7856744,
        "M22": 0.222221911,
        "M23": 0.922298,
        "M30": 0.0,
        "M31": 0.0,
        "M32": 0.0,
        "M33": 1.0
      },
      "active_connections": [
        0,
        1,
        2,
        3,
        4,
        5,
        6,
        7,
        8,
        9,
        10,
        11,
        12,
        13,
        14,
        17
      ],
      "children": [
        63
      ],
      "is_constrained": false,
      "parentCon": 14,
      "childCons": [
        14
      ]
    },
    "63": {
      "parent": 62,
      "name": "BRANCH",
      "transform": {
        "M00": -1.1920929E-07,
        "M01": 0.816496849,
        "M02": 0.577349961,
        "M03": 0.9554647,
        "M10": -0.8164968,
        "M11": -0.333333075,
        "M12": 0.471404433,
        "M13": -0.102506712,
        "M20": -0.57735,
        "M21": 0.4714043,
        "M22": -0.666667044,
        "M23": 1.10103226,
        "M30": 0.0,
        "M31": 0.0,
        "M32": 0.0,
        "M33": 1.0
      },
      "active_connections": [
        0,
        1,
        2,
        3,
        4,
        5,
        6,
        7,
        8,
        9,
        10,
        11,
        12,
        13,
        15,
        16,
        17
      ],
      "children": [],
      "is_constrained": false,
      "parentCon": 16,
      "childCons": []
    },
    "64": {
      "parent": 21,
      "name": "BRANCH",
      "transform": {
        "M00": -1.0,
        "M01": 4.017081E-07,
        "M02": -4.70935618E-07,
        "M03": 0.4391499,
        "M10": 5.77905041E-07,
        "M11": 0.333333224,
        "M12": -0.9428091,
        "M13": 0.2757414,
        "M20": 2.21755528E-07,
        "M21": 0.9428091,
        "M22": 0.333333224,
        "M23": 1.26507616,
        "M30": 0.0,
        "M31": 0.0,
        "M32": 0.0,
        "M33": 1.0
      },
      "active_connections": [
        0,
        1,
        2,
        3,
        4,
        5,
        6,
        7,
        8,
        9,
        10,
        11,
        12,
        13,
        15,
        16,
        17
      ],
      "children": [],
      "is_constrained": false,
      "parentCon": 17,
      "childCons": []
    }
  }
}