{
  "aggregation_name": "10",
  "parts": {
    "0": {
      "parent": null,
      "name": "STICK",
      "transform": {
        "M00": -0.5045277,
        "M01": 0.3442788,
        "M02": 0.791785538,
        "M03": 1.79017687,
        "M10": -0.863395751,
        "M11": -0.20118019,
        "M12": -0.462682,
        "M13": 1.04945838,
        "M20": 1.49011612E-08,
        "M21": 0.9170598,
        "M22": -0.398749739,
        "M23": 0.7249181,
        "M30": 0.0,
        "M31": 0.0,
        "M32": 0.0,
        "M33": 1.0
      },
      "is_constrained": false,
      "parentCon": null,
      "connection_to_parent": null,
      "active_connections": [
        0,
        1,
        2,
        3,
        4,
        5,
        7,
        8
      ],
      "children": [
        1,
        2
      ]
    },
    "1": {
      "parent": 0,
      "name": "STICK",
      "transform": {
        "M00": -0.504527569,
        "M01": 0.344278783,
        "M02": 0.7917854,
        "M03": 1.92788851,
        "M10": -0.863395631,
        "M11": -0.201180041,
        "M12": -0.462682,
        "M13": 0.968986332,
        "M20": 1.78813934E-07,
        "M21": 0.917059839,
        "M22": -0.39874965,
        "M23": 1.09174192,
        "M30": 0.0,
        "M31": 0.0,
        "M32": 0.0,
        "M33": 1.0
      },
      "is_constrained": false,
      "parentCon": 9,
      "connection_to_parent": 8,
      "active_connections": [
        0,
        1,
        3,
        4,
        5,
        6
      ],
      "children": [
        6,
        7,
        8
      ]
    },
    "2": {
      "parent": 0,
      "name": "STICK",
      "transform": {
        "M00": 0.50452733,
        "M01": 0.344278932,
        "M02": -0.791785359,
        "M03": 1.63670981,
        "M10": 0.8633957,
        "M11": -0.201180071,
        "M12": 0.46268177,
        "M13": 1.03489745,
        "M20": -1.04308128E-07,
        "M21": 0.9170598,
        "M22": 0.3987498,
        "M23": 0.7793378,
        "M30": 0.0,
        "M31": 0.0,
        "M32": 0.0,
        "M33": 1.0
      },
      "is_constrained": false,
      "parentCon": 6,
      "connection_to_parent": 6,
      "active_connections": [
        0,
        2,
        3,
        4,
        5,
        7,
        8,
        9
      ],
      "children": [
        3
      ]
    },
    "3": {
      "parent": 2,
      "name": "STICK",
      "transform": {
        "M00": -0.43344295,
        "M01": 0.344279051,
        "M02": -0.8328261,
        "M03": 1.6608237,
        "M10": 0.8323919,
        "M11": -0.201180041,
        "M12": -0.5163821,
        "M13": 1.02185369,
        "M20": 0.3453275,
        "M21": 0.9170597,
        "M22": 0.199375063,
        "M23": 0.8219457,
        "M30": 0.0,
        "M31": 0.0,
        "M32": 0.0,
        "M33": 1.0
      },
      "is_constrained": false,
      "parentCon": 1,
      "connection_to_parent": 6,
      "active_connections": [
        0,
        1,
        2,
        5,
        7,
        8,
        9
      ],
      "children": [
        4,
        55
      ]
    },
    "4": {
      "parent": 3,
      "name": "STICK",
      "transform": {
        "M00": 0.4334427,
        "M01": 0.344279259,
        "M02": 0.8328261,
        "M03": 1.7737416,
        "M10": -0.832392037,
        "M11": -0.2011799,
        "M12": 0.51638186,
        "M13": 1.23174727,
        "M20": -0.345327467,
        "M21": 0.91705966,
        "M22": -0.199375317,
        "M23": 1.15273237,
        "M30": 0.0,
        "M31": 0.0,
        "M32": 0.0,
        "M33": 1.0
      },
      "is_constrained": false,
      "parentCon": 4,
      "connection_to_parent": 3,
      "active_connections": [
        0,
        1,
        2,
        4,
        5,
        6,
        7,
        8
      ],
      "children": [
        5
      ]
    },
    "5": {
      "parent": 4,
      "name": "BRANCH",
      "transform": {
        "M00": -0.30479753,
        "M01": -0.8612624,
        "M02": -0.406602651,
        "M03": 2.25404572,
        "M10": -0.400999755,
        "M11": 0.503280163,
        "M12": -0.765446663,
        "M13": 1.089266,
        "M20": -0.863885343,
        "M21": 0.07025856,
        "M22": 0.498764515,
        "M23": 2.0256772,
        "M30": 0.0,
        "M31": 0.0,
        "M32": 0.0,
        "M33": 1.0
      },
      "is_constrained": false,
      "parentCon": 9,
      "connection_to_parent": 15,
      "active_connections": [
        0,
        1,
        2,
        3,
        4,
        5,
        6,
        7,
        8,
        9,
        10,
        11,
        12,
        13,
        14,
        17
      ],
      "children": [
        12
      ]
    },
    "6": {
      "parent": 1,
      "name": "STICK",
      "transform": {
        "M00": 0.5045272,
        "M01": 0.344279021,
        "M02": -0.7917854,
        "M03": 1.77442145,
        "M10": 0.863395751,
        "M11": -0.201179981,
        "M12": 0.4626817,
        "M13": 0.9544256,
        "M20": -2.38418579E-07,
        "M21": 0.9170598,
        "M22": 0.398749828,
        "M23": 1.14616168,
        "M30": 0.0,
        "M31": 0.0,
        "M32": 0.0,
        "M33": 1.0
      },
      "is_constrained": false,
      "parentCon": 7,
      "connection_to_parent": 7,
      "active_connections": [
        0,
        1,
        2,
        3,
        4,
        5,
        6,
        8,
        9
      ],
      "children": []
    },
    "7": {
      "parent": 1,
      "name": "STICK",
      "transform": {
        "M00": -0.50452745,
        "M01": 0.3442787,
        "M02": 0.7917856,
        "M03": 2.06560016,
        "M10": -0.8633958,
        "M11": -0.201179713,
        "M12": -0.462682,
        "M13": 0.8885143,
        "M20": 3.427267E-07,
        "M21": 0.9170599,
        "M22": -0.398749441,
        "M23": 1.458566,
        "M30": 0.0,
        "M31": 0.0,
        "M32": 0.0,
        "M33": 1.0
      },
      "is_constrained": false,
      "parentCon": 9,
      "connection_to_parent": 8,
      "active_connections": [
        0,
        1,
        2,
        5,
        6,
        7,
        9
      ],
      "children": [
        9,
        11
      ]
    },
    "8": {
      "parent": 1,
      "name": "STICK",
      "transform": {
        "M00": -0.937970042,
        "M01": 0.3442789,
        "M02": -0.04104092,
        "M03": 2.07948875,
        "M10": -0.0310035348,
        "M11": -0.201180071,
        "M12": -0.9790635,
        "M13": 0.7858926,
        "M20": 0.345327526,
        "M21": 0.9170598,
        "M22": -0.199374735,
        "M23": 1.26727307,
        "M30": 0.0,
        "M31": 0.0,
        "M32": 0.0,
        "M33": 1.0
      },
      "is_constrained": false,
      "parentCon": 2,
      "connection_to_parent": 3,
      "active_connections": [
        0,
        1,
        2,
        4,
        5,
        6,
        7,
        8,
        9
      ],
      "children": []
    },
    "9": {
      "parent": 7,
      "name": "STICK",
      "transform": {
        "M00": -0.937970161,
        "M01": 0.344278663,
        "M02": -0.0410408229,
        "M03": 1.88715148,
        "M10": -0.0310034025,
        "M11": -0.2011796,
        "M12": -0.979063749,
        "M13": 0.81141907,
        "M20": 0.3453273,
        "M21": 0.917059958,
        "M22": -0.199374259,
        "M23": 1.18151319,
        "M30": 0.0,
        "M31": 0.0,
        "M32": 0.0,
        "M33": 1.0
      },
      "is_constrained": false,
      "parentCon": 3,
      "connection_to_parent": 7,
      "active_connections": [
        1,
        2,
        3,
        5,
        6,
        8,
        9
      ],
      "children": [
        10,
        14
      ]
    },
    "10": {
      "parent": 9,
      "name": "STICK",
      "transform": {
        "M00": 0.5045278,
        "M01": -0.3442786,
        "M02": 0.79178524,
        "M03": 1.895616,
        "M10": 0.863395452,
        "M11": 0.201179579,
        "M12": -0.4626825,
        "M13": 0.7098728,
        "M20": -6.556511E-07,
        "M21": -0.9170599,
        "M22": -0.3987493,
        "M23": 1.65409529,
        "M30": 0.0,
        "M31": 0.0,
        "M32": 0.0,
        "M33": 1.0
      },
      "is_constrained": false,
      "parentCon": 4,
      "connection_to_parent": 0,
      "active_connections": [
        1,
        2,
        3,
        4,
        5,
        6,
        8,
        9
      ],
      "children": [
        13
      ]
    },
    "11": {
      "parent": 7,
      "name": "STICK",
      "transform": {
        "M00": 0.5045279,
        "M01": 0.344278723,
        "M02": -0.7917852,
        "M03": 1.9397378,
        "M10": 0.8633954,
        "M11": -0.201179758,
        "M12": 0.4626826,
        "M13": 0.6840902,
        "M20": -6.2584877E-07,
        "M21": 0.9170599,
        "M22": 0.398749471,
        "M23": 1.78810358,
        "M30": 0.0,
        "M31": 0.0,
        "M32": 0.0,
        "M33": 1.0
      },
      "is_constrained": false,
      "parentCon": 4,
      "connection_to_parent": 3,
      "active_connections": [
        0,
        1,
        2,
        5,
        6,
        8,
        9
      ],
      "children": [
        30,
        31
      ]
    },
    "12": {
      "parent": 5,
      "name": "STICK",
      "transform": {
        "M00": 0.304802537,
        "M01": 0.6704338,
        "M02": 0.6764717,
        "M03": 1.611063,
        "M10": 0.401004076,
        "M11": 0.5539067,
        "M12": -0.7296461,
        "M13": 0.687616,
        "M20": 0.8638815,
        "M21": -0.493665934,
        "M22": 0.100014508,
        "M23": 1.78495526,
        "M30": 0.0,
        "M31": 0.0,
        "M32": 0.0,
        "M33": 1.0
      },
      "is_constrained": false,
      "parentCon": 16,
      "connection_to_parent": 9,
      "active_connections": [
        0,
        1,
        2,
        3,
        4,
        5,
        6,
        7
      ],
      "children": [
        16
      ]
    },
    "13": {
      "parent": 10,
      "name": "STICK",
      "transform": {
        "M00": 0.9379701,
        "M01": -0.344278872,
        "M02": -0.04103884,
        "M03": 1.74893332,
        "M10": 0.0310055241,
        "M11": 0.201179624,
        "M12": -0.979063749,
        "M13": 0.709768236,
        "M20": -0.345327079,
        "M21": -0.91706,
        "M22": -0.199375,
        "M23": 1.70913947,
        "M30": 0.0,
        "M31": 0.0,
        "M32": 0.0,
        "M33": 1.0
      },
      "is_constrained": false,
      "parentCon": 7,
      "connection_to_parent": 4,
      "active_connections": [
        0,
        1,
        2,
        3,
        5,
        6,
        7,
        8
      ],
      "children": [
        15
      ]
    },
    "14": {
      "parent": 9,
      "name": "STICK",
      "transform": {
        "M00": 0.433439672,
        "M01": -0.3442786,
        "M02": -0.8328279,
        "M03": 1.89081073,
        "M10": -0.8323941,
        "M11": 0.201179609,
        "M12": -0.516378641,
        "M13": 0.722415,
        "M20": -0.3453261,
        "M21": -0.91706,
        "M22": 0.19937627,
        "M23": 1.65865076,
        "M30": 0.0,
        "M31": 0.0,
        "M32": 0.0,
        "M33": 1.0
      },
      "is_constrained": false,
      "parentCon": 0,
      "connection_to_parent": 7,
      "active_connections": [
        0,
        1,
        2,
        3,
        5,
        6,
        8
      ],
      "children": [
        18,
        19
      ]
    },
    "15": {
      "parent": 13,
      "name": "BRANCH",
      "transform": {
        "M00": 0.937970161,
        "M01": -0.344278574,
        "M02": -0.0410387665,
        "M03": 1.2360338,
        "M10": 0.03100548,
        "M11": 0.201179445,
        "M12": -0.97906363,
        "M13": 0.7778379,
        "M20": -0.345326781,
        "M21": -0.91706,
        "M22": -0.199374855,
        "M23": 1.4804461,
        "M30": 0.0,
        "M31": 0.0,
        "M32": 0.0,
        "M33": 1.0
      },
      "is_constrained": false,
      "parentCon": 9,
      "connection_to_parent": 14,
      "active_connections": [
        0,
        1,
        2,
        3,
        4,
        5,
        6,
        7,
        8,
        9,
        10,
        11,
        12,
        13,
        15,
        16
      ],
      "children": [
        132
      ]
    },
    "16": {
      "parent": 12,
      "name": "BRANCH",
      "transform": {
        "M00": 0.304802239,
        "M01": -0.4143058,
        "M02": 0.857581735,
        "M03": 1.4820863,
        "M10": 0.401003838,
        "M11": 0.872552454,
        "M12": 0.279013038,
        "M13": 0.307521731,
        "M20": 0.8638817,
        "M21": -0.258849859,
        "M22": -0.432094276,
        "M23": 1.54387093,
        "M30": 0.0,
        "M31": 0.0,
        "M32": 0.0,
        "M33": 1.0
      },
      "is_constrained": false,
      "parentCon": 8,
      "connection_to_parent": 16,
      "active_connections": [
        0,
        1,
        2,
        3,
        4,
        5,
        6,
        7,
        8,
        9,
        10,
        11,
        12,
        13,
        15
      ],
      "children": [
        17,
        39
      ]
    },
    "17": {
      "parent": 16,
      "name": "BRANCH",
      "transform": {
        "M00": -0.4334401,
        "M01": 0.6704342,
        "M02": 0.602202654,
        "M03": 1.39299715,
        "M10": 0.8323941,
        "M11": 0.5539065,
        "M12": -0.0175440311,
        "M13": 0.108238906,
        "M20": 0.345326,
        "M21": -0.4936657,
        "M22": 0.7981506,
        "M23": 1.74686623,
        "M30": 0.0,
        "M31": 0.0,
        "M32": 0.0,
        "M33": 1.0
      },
      "is_constrained": false,
      "parentCon": 17,
      "connection_to_parent": 16,
      "active_connections": [
        0,
        1,
        2,
        3,
        4,
        5,
        6,
        7,
        8,
        9,
        10,
        11,
        12,
        13
      ],
      "children": [
        37,
        46,
        52
      ]
    },
    "18": {
      "parent": 14,
      "name": "STICK",
      "transform": {
        "M00": 0.433439255,
        "M01": -0.344278842,
        "M02": -0.832828045,
        "M03": 1.75309932,
        "M10": -0.8323941,
        "M11": 0.2011802,
        "M12": -0.5163785,
        "M13": 0.802886844,
        "M20": -0.3453267,
        "M21": -0.9170599,
        "M22": 0.19937624,
        "M23": 1.29182684,
        "M30": 0.0,
        "M31": 0.0,
        "M32": 0.0,
        "M33": 1.0
      },
      "is_constrained": false,
      "parentCon": 9,
      "connection_to_parent": 8,
      "active_connections": [
        0,
        1,
        2,
        3,
        4,
        5,
        6,
        7,
        9
      ],
      "children": []
    },
    "19": {
      "parent": 14,
      "name": "STICK",
      "transform": {
        "M00": 0.93797,
        "M01": -0.344278663,
        "M02": -0.0410431065,
        "M03": 1.95464456,
        "M10": 0.0310009327,
        "M11": 0.201179355,
        "M12": -0.979063749,
        "M13": 0.589560032,
        "M20": -0.345327765,
        "M21": -0.91706,
        "M22": -0.199373156,
        "M23": 1.60554159,
        "M30": 0.0,
        "M31": 0.0,
        "M32": 0.0,
        "M33": 1.0
      },
      "is_constrained": false,
      "parentCon": 4,
      "connection_to_parent": 7,
      "active_connections": [
        0,
        1,
        3,
        4,
        5,
        6,
        8,
        9
      ],
      "children": [
        20
      ]
    },
    "20": {
      "parent": 19,
      "name": "STICK",
      "transform": {
        "M00": 0.433435977,
        "M01": -0.344278574,
        "M02": -0.832829833,
        "M03": 1.97304082,
        "M10": -0.8323966,
        "M11": 0.201179191,
        "M12": -0.5163748,
        "M13": 0.587497354,
        "M20": -0.3453248,
        "M21": -0.917060137,
        "M22": 0.199378,
        "M23": 1.65270507,
        "M30": 0.0,
        "M31": 0.0,
        "M32": 0.0,
        "M33": 1.0
      },
      "is_constrained": false,
      "parentCon": 2,
      "connection_to_parent": 7,
      "active_connections": [
        0,
        2,
        3,
        4,
        5,
        6,
        8,
        9
      ],
      "children": [
        21
      ]
    },
    "21": {
      "parent": 20,
      "name": "STICK",
      "transform": {
        "M00": 0.504534,
        "M01": 0.344278455,
        "M02": -0.7917814,
        "M03": 1.70529246,
        "M10": 0.8633919,
        "M11": -0.201179147,
        "M12": 0.4626894,
        "M13": 0.5604897,
        "M20": -4.09781933E-06,
        "M21": 0.917060137,
        "M22": 0.398748934,
        "M23": 1.14021671,
        "M30": 0.0,
        "M31": 0.0,
        "M32": 0.0,
        "M33": 1.0
      },
      "is_constrained": false,
      "parentCon": 1,
      "connection_to_parent": 4,
      "active_connections": [
        0,
        1,
        3,
        5,
        6,
        8,
        9
      ],
      "children": [
        22,
        24
      ]
    },
    "22": {
      "parent": 21,
      "name": "STICK",
      "transform": {
        "M00": -0.937970042,
        "M01": -0.344278455,
        "M02": 0.04104858,
        "M03": 1.95177007,
        "M10": -0.0309952479,
        "M11": 0.2011796,
        "M12": 0.979063869,
        "M13": 0.6065187,
        "M20": 0.345328748,
        "M21": -0.9170604,
        "M22": 0.1993714,
        "M23": 1.55581927,
        "M30": 0.0,
        "M31": 0.0,
        "M32": 0.0,
        "M33": 1.0
      },
      "is_constrained": false,
      "parentCon": 2,
      "connection_to_parent": 6,
      "active_connections": [
        1,
        2,
        4,
        5,
        7,
        9
      ],
      "children": [
        23,
        25,
        38
      ]
    },
    "23": {
      "parent": 22,
      "name": "STICK",
      "transform": {
        "M00": 0.433435559,
        "M01": 0.3442777,
        "M02": 0.8328304,
        "M03": 1.72182894,
        "M10": -0.8323964,
        "M11": -0.201180875,
        "M12": 0.51637435,
        "M13": 0.827753365,
        "M20": -0.345325738,
        "M21": 0.91706,
        "M22": -0.199376553,
        "M23": 1.19263959,
        "M30": 0.0,
        "M31": 0.0,
        "M32": 0.0,
        "M33": 1.0
      },
      "is_constrained": false,
      "parentCon": 0,
      "connection_to_parent": 4,
      "active_connections": [
        0,
        1,
        2,
        3,
        5,
        7,
        8,
        9
      ],
      "children": [
        54
      ]
    },
    "24": {
      "parent": 21,
      "name": "STICK",
      "transform": {
        "M00": 0.433435917,
        "M01": -0.3442785,
        "M02": -0.832829952,
        "M03": 1.845719,
        "M10": -0.832396746,
        "M11": 0.201179,
        "M12": -0.5163747,
        "M13": 0.4881656,
        "M20": -0.345324576,
        "M21": -0.917060256,
        "M22": 0.199378073,
        "M23": 1.51514673,
        "M30": 0.0,
        "M31": 0.0,
        "M32": 0.0,
        "M33": 1.0
      },
      "is_constrained": false,
      "parentCon": 7,
      "connection_to_parent": 5,
      "active_connections": [
        0,
        1,
        2,
        4,
        6,
        7,
        9
      ],
      "children": [
        26,
        28
      ]
    },
    "25": {
      "parent": 22,
      "name": "STICK",
      "transform": {
        "M00": 0.9379696,
        "M01": -0.344279021,
        "M02": -0.0410481468,
        "M03": 1.82433891,
        "M10": 0.0309958085,
        "M11": 0.201179519,
        "M12": -0.979063869,
        "M13": 0.4051075,
        "M20": -0.3453292,
        "M21": -0.9170599,
        "M22": -0.199371472,
        "M23": 1.88660681,
        "M30": 0.0,
        "M31": 0.0,
        "M32": 0.0,
        "M33": 1.0
      },
      "is_constrained": false,
      "parentCon": 3,
      "connection_to_parent": 4,
      "active_connections": [
        0,
        1,
        2,
        3,
        5,
        6,
        7,
        9
      ],
      "children": [
        32
      ]
    },
    "26": {
      "parent": 24,
      "name": "STICK",
      "transform": {
        "M00": 0.4334358,
        "M01": -0.3442786,
        "M02": -0.83283,
        "M03": 1.98343039,
        "M10": -0.8323968,
        "M11": 0.201179251,
        "M12": -0.5163748,
        "M13": 0.4076938,
        "M20": -0.345324844,
        "M21": -0.9170604,
        "M22": 0.199378058,
        "M23": 1.88197088,
        "M30": 0.0,
        "M31": 0.0,
        "M32": 0.0,
        "M33": 1.0
      },
      "is_constrained": false,
      "parentCon": 8,
      "connection_to_parent": 9,
      "active_connections": [
        0,
        2,
        3,
        4,
        5,
        6,
        7
      ],
      "children": [
        27,
        33
      ]
    },
    "27": {
      "parent": 26,
      "name": "STICK",
      "transform": {
        "M00": -0.5045339,
        "M01": -0.344278932,
        "M02": -0.7917813,
        "M03": 1.93895841,
        "M10": -0.8633919,
        "M11": 0.201178923,
        "M12": 0.46268934,
        "M13": 0.4413203,
        "M20": 4.48524952E-06,
        "M21": -0.917060137,
        "M22": 0.398749232,
        "M23": 1.742477,
        "M30": 0.0,
        "M31": 0.0,
        "M32": 0.0,
        "M33": 1.0
      },
      "is_constrained": false,
      "parentCon": 1,
      "connection_to_parent": 5,
      "active_connections": [
        0,
        1,
        2,
        3,
        6,
        7,
        8,
        9
      ],
      "children": [
        29
      ]
    },
    "28": {
      "parent": 24,
      "name": "STICK",
      "transform": {
        "M00": -0.5045333,
        "M01": -0.344278276,
        "M02": -0.7917819,
        "M03": 2.0796535,
        "M10": -0.863392234,
        "M11": 0.201179013,
        "M12": 0.4626888,
        "M13": 0.44596985,
        "M20": 3.799796E-06,
        "M21": -0.917060256,
        "M22": 0.3987487,
        "M23": 1.6906774,
        "M30": 0.0,
        "M31": 0.0,
        "M32": 0.0,
        "M33": 1.0
      },
      "is_constrained": false,
      "parentCon": 3,
      "connection_to_parent": 2,
      "active_connections": [
        0,
        1,
        3,
        4,
        5,
        6,
        7,
        9
      ],
      "children": [
        35
      ]
    },
    "29": {
      "parent": 27,
      "name": "STICK",
      "transform": {
        "M00": 0.433436275,
        "M01": -0.344278783,
        "M02": -0.832829654,
        "M03": 1.85610867,
        "M10": -0.8323963,
        "M11": 0.2011792,
        "M12": -0.5163753,
        "M13": 0.308361679,
        "M20": -0.345325023,
        "M21": -0.917060137,
        "M22": 0.199378014,
        "M23": 1.74441254,
        "M30": 0.0,
        "M31": 0.0,
        "M32": 0.0,
        "M33": 1.0
      },
      "is_constrained": false,
      "parentCon": 4,
      "connection_to_parent": 7,
      "active_connections": [
        0,
        1,
        2,
        3,
        4,
        5,
        6,
        9
      ],
      "children": [
        34
      ]
    },
    "30": {
      "parent": 11,
      "name": "STICK",
      "transform": {
        "M00": 0.5045281,
        "M01": -0.344278753,
        "M02": 0.791785061,
        "M03": 2.26009321,
        "M10": 0.8633953,
        "M11": 0.201180011,
        "M12": -0.462682724,
        "M13": 0.583756149,
        "M20": -4.76837158E-07,
        "M21": -0.9170599,
        "M22": -0.39874962,
        "M23": 2.198385,
        "M30": 0.0,
        "M31": 0.0,
        "M32": 0.0,
        "M33": 1.0
      },
      "is_constrained": false,
      "parentCon": 4,
      "connection_to_parent": 6,
      "active_connections": [
        0,
        1,
        2,
        3,
        4,
        5,
        7,
        8,
        9
      ],
      "children": []
    },
    "31": {
      "parent": 11,
      "name": "STICK",
      "transform": {
        "M00": -0.937970161,
        "M01": -0.344278723,
        "M02": 0.0410418957,
        "M03": 2.251231,
        "M10": -0.0310023949,
        "M11": 0.201179877,
        "M12": 0.9790636,
        "M13": 0.6052605,
        "M20": 0.3453276,
        "M21": -0.91706,
        "M22": 0.199374154,
        "M23": 2.15190768,
        "M30": 0.0,
        "M31": 0.0,
        "M32": 0.0,
        "M33": 1.0
      },
      "is_constrained": false,
      "parentCon": 7,
      "connection_to_parent": 0,
      "active_connections": [
        1,
        2,
        3,
        4,
        5,
        6,
        7,
        8,
        9
      ],
      "children": []
    },
    "32": {
      "parent": 25,
      "name": "STICK",
      "transform": {
        "M00": 0.937969744,
        "M01": -0.3442789,
        "M02": -0.0410465226,
        "M03": 1.96205044,
        "M10": 0.03099732,
        "M11": 0.2011791,
        "M12": -0.979064,
        "M13": 0.324635684,
        "M20": -0.345328778,
        "M21": -0.91706,
        "M22": -0.199371621,
        "M23": 2.253431,
        "M30": 0.0,
        "M31": 0.0,
        "M32": 0.0,
        "M33": 1.0
      },
      "is_constrained": false,
      "parentCon": 8,
      "connection_to_parent": 9,
      "active_connections": [
        0,
        1,
        2,
        3,
        4,
        5,
        6,
        7
      ],
      "children": [
        47
      ]
    },
    "33": {
      "parent": 26,
      "name": "STICK",
      "transform": {
        "M00": 0.433435619,
        "M01": -0.344278634,
        "M02": -0.832829952,
        "M03": 2.121142,
        "M10": -0.8323966,
        "M11": 0.2011795,
        "M12": -0.5163746,
        "M13": 0.327222049,
        "M20": -0.345325053,
        "M21": -0.91706,
        "M22": 0.199378014,
        "M23": 2.248795,
        "M30": 0.0,
        "M31": 0.0,
        "M32": 0.0,
        "M33": 1.0
      },
      "is_constrained": false,
      "parentCon": 8,
      "connection_to_parent": 9,
      "active_connections": [
        0,
        1,
        2,
        3,
        4,
        5,
        6,
        7,
        8
      ],
      "children": []
    },
    "34": {
      "parent": 29,
      "name": "STICK",
      "transform": {
        "M00": 0.433435857,
        "M01": -0.3442787,
        "M02": -0.8328299,
        "M03": 1.99382007,
        "M10": -0.832396567,
        "M11": 0.201179549,
        "M12": -0.516374946,
        "M13": 0.227889836,
        "M20": -0.345325172,
        "M21": -0.917060137,
        "M22": 0.199377939,
        "M23": 2.11123681,
        "M30": 0.0,
        "M31": 0.0,
        "M32": 0.0,
        "M33": 1.0
      },
      "is_constrained": false,
      "parentCon": 8,
      "connection_to_parent": 9,
      "active_connections": [
        0,
        1,
        2,
        3,
        6,
        7
      ],
      "children": [
        40,
        42,
        45
      ]
    },
    "35": {
      "parent": 28,
      "name": "STICK",
      "transform": {
        "M00": -0.5045333,
        "M01": -0.344278544,
        "M02": -0.791781962,
        "M03": 2.217365,
        "M10": -0.8633924,
        "M11": 0.201178759,
        "M12": 0.462688684,
        "M13": 0.365498245,
        "M20": 4.11272049E-06,
        "M21": -0.9170604,
        "M22": 0.3987488,
        "M23": 2.05750132,
        "M30": 0.0,
        "M31": 0.0,
        "M32": 0.0,
        "M33": 1.0
      },
      "is_constrained": false,
      "parentCon": 8,
      "connection_to_parent": 9,
      "active_connections": [
        0,
        1,
        2,
        4,
        5,
        6,
        7,
        8
      ],
      "children": [
        36
      ]
    },
    "36": {
      "parent": 35,
      "name": "STICK",
      "transform": {
        "M00": 0.9379698,
        "M01": 0.344278634,
        "M02": 0.04104743,
        "M03": 2.079644,
        "M10": 0.030996101,
        "M11": -0.201178536,
        "M12": 0.979064047,
        "M13": 0.2625088,
        "M20": -0.3453287,
        "M21": 0.9170602,
        "M22": 0.1993707,
        "M23": 1.91570675,
        "M30": 0.0,
        "M31": 0.0,
        "M32": 0.0,
        "M33": 1.0
      },
      "is_constrained": false,
      "parentCon": 3,
      "connection_to_parent": 0,
      "active_connections": [
        1,
        2,
        3,
        5,
        6,
        7,
        8,
        9
      ],
      "children": [
        44
      ]
    },
    "37": {
      "parent": 17,
      "name": "STICK",
      "transform": {
        "M00": 0.156846285,
        "M01": -0.293499231,
        "M02": -0.9430046,
        "M03": 1.38843107,
        "M10": 0.8735244,
        "M11": 0.4867411,
        "M12": -0.00620257854,
        "M13": 0.30634588,
        "M20": -0.460819483,
        "M21": 0.822764456,
        "M22": -0.332722276,
        "M23": 1.37687814,
        "M30": 0.0,
        "M31": 0.0,
        "M32": 0.0,
        "M33": 1.0
      },
      "is_constrained": false,
      "parentCon": 17,
      "connection_to_parent": 9,
      "active_connections": [
        0,
        1,
        2,
        3,
        5,
        6,
        7,
        8
      ],
      "children": [
        58
      ]
    },
    "38": {
      "parent": 22,
      "name": "STICK",
      "transform": {
        "M00": -0.937971,
        "M01": -0.344275683,
        "M02": 0.0410482548,
        "M03": 2.0894804,
        "M10": -0.0309949629,
        "M11": 0.2011796,
        "M12": 0.979063869,
        "M13": 0.526046753,
        "M20": 0.345325977,
        "M21": -0.9170613,
        "M22": 0.1993714,
        "M23": 1.922644,
        "M30": 0.0,
        "M31": 0.0,
        "M32": 0.0,
        "M33": 1.0
      },
      "is_constrained": false,
      "parentCon": 8,
      "connection_to_parent": 9,
      "active_connections": [
        0,
        1,
        2,
        3,
        4,
        5,
        6,
        7,
        8
      ],
      "children": []
    },
    "39": {
      "parent": 16,
      "name": "BRANCH",
      "transform": {
        "M00": 0.3048026,
        "M01": -0.94663775,
        "M02": -0.104749948,
        "M03": 1.69816494,
        "M10": 0.401003927,
        "M11": 0.0277955234,
        "M12": 0.91565454,
        "M13": 0.198522851,
        "M20": 0.8638816,
        "M21": 0.321099043,
        "M22": -0.388077557,
        "M23": 1.51822841,
        "M30": 0.0,
        "M31": 0.0,
        "M32": 0.0,
        "M33": 1.0
      },
      "is_constrained": false,
      "parentCon": 14,
      "connection_to_parent": 16,
      "active_connections": [
        0,
        1,
        2,
        3,
        4,
        5,
        6,
        7,
        8,
        9,
        10,
        11,
        12,
        13,
        14
      ],
      "children": [
        41,
        48
      ]
    },
    "40": {
      "parent": 34,
      "name": "STICK",
      "transform": {
        "M00": 0.433436751,
        "M01": 0.344278872,
        "M02": 0.8328293,
        "M03": 1.99996042,
        "M10": -0.832396,
        "M11": -0.201179221,
        "M12": 0.516375661,
        "M13": 0.3177584,
        "M20": -0.345325172,
        "M21": 0.917059958,
        "M22": -0.19937788,
        "M23": 1.685132,
        "M30": 0.0,
        "M31": 0.0,
        "M32": 0.0,
        "M33": 1.0
      },
      "is_constrained": false,
      "parentCon": 4,
      "connection_to_parent": 5,
      "active_connections": [
        0,
        1,
        2,
        3,
        4,
        6,
        7,
        8,
        9
      ],
      "children": []
    },
    "41": {
      "parent": 39,
      "name": "STICK",
      "transform": {
        "M00": 0.590286553,
        "M01": -0.5150372,
        "M02": 0.6215293,
        "M03": 1.55412114,
        "M10": 0.041128993,
        "M11": -0.7497967,
        "M12": -0.660388947,
        "M13": 0.2068399,
        "M20": -0.8061453,
        "M21": -0.41538167,
        "M22": 0.421411932,
        "M23": 2.043131,
        "M30": 0.0,
        "M31": 0.0,
        "M32": 0.0,
        "M33": 1.0
      },
      "is_constrained": false,
      "parentCon": 17,
      "connection_to_parent": 8,
      "active_connections": [
        0,
        1,
        2,
        3,
        5,
        6
      ],
      "children": [
        43,
        50,
        51
      ]
    },
    "42": {
      "parent": 34,
      "name": "STICK",
      "transform": {
        "M00": 0.937969744,
        "M01": -0.344278634,
        "M02": -0.0410489962,
        "M03": 2.00985169,
        "M10": 0.030994961,
        "M11": 0.201179862,
        "M12": -0.979064,
        "M13": 0.209834933,
        "M20": -0.345329,
        "M21": -0.917060137,
        "M22": -0.199371517,
        "M23": 2.15577936,
        "M30": 0.0,
        "M31": 0.0,
        "M32": 0.0,
        "M33": 1.0
      },
      "is_constrained": false,
      "parentCon": 5,
      "connection_to_parent": 0,
      "active_connections": [
        1,
        2,
        3,
        4,
        5,
        6,
        7,
        8,
        9
      ],
      "children": []
    },
    "43": {
      "parent": 41,
      "name": "STICK",
      "transform": {
        "M00": 0.833403349,
        "M01": -0.5150373,
        "M02": -0.200438276,
        "M03": 1.2700752,
        "M10": -0.5513491,
        "M11": -0.74979645,
        "M12": -0.3658136,
        "M13": 0.0700146854,
        "M20": -0.0381197333,
        "M21": -0.4153818,
        "M22": 0.9088482,
        "M23": 1.92007613,
        "M30": 0.0,
        "M31": 0.0,
        "M32": 0.0,
        "M33": 1.0
      },
      "is_constrained": false,
      "parentCon": 7,
      "connection_to_parent": 3,
      "active_connections": [
        0,
        1,
        2,
        4,
        5,
        6,
        7,
        8,
        9
      ],
      "children": []
    },
    "44": {
      "parent": 36,
      "name": "STICK",
      "transform": {
        "M00": -0.504532933,
        "M01": -0.344278425,
        "M02": -0.7917822,
        "M03": 2.38566375,
        "M10": -0.863392532,
        "M11": 0.201178133,
        "M12": 0.462688625,
        "M13": 0.18028532,
        "M20": 4.47034836E-06,
        "M21": -0.9170605,
        "M22": 0.3987484,
        "M23": 2.28082085,
        "M30": 0.0,
        "M31": 0.0,
        "M32": 0.0,
        "M33": 1.0
      },
      "is_constrained": false,
      "parentCon": 4,
      "connection_to_parent": 0,
      "active_connections": [
        1,
        2,
        3,
        4,
        5,
        6,
        7,
        8,
        9
      ],
      "children": []
    },
    "45": {
      "parent": 34,
      "name": "STICK",
      "transform": {
        "M00": 0.433436036,
        "M01": -0.3442786,
        "M02": -0.832829833,
        "M03": 2.13153148,
        "M10": -0.8323965,
        "M11": 0.201179385,
        "M12": -0.516375065,
        "M13": 0.147417933,
        "M20": -0.345325023,
        "M21": -0.917060256,
        "M22": 0.1993779,
        "M23": 2.47806072,
        "M30": 0.0,
        "M31": 0.0,
        "M32": 0.0,
        "M33": 1.0
      },
      "is_constrained": false,
      "parentCon": 8,
      "connection_to_parent": 9,
      "active_connections": [
        0,
        1,
        2,
        3,
        4,
        5,
        6,
        7
      ],
      "children": [
        49
      ]
    },
    "46": {
      "parent": 17,
      "name": "STICK",
      "transform": {
        "M00": 0.43343997,
        "M01": -0.6704341,
        "M02": 0.602202654,
        "M03": 1.11909354,
        "M10": -0.8323941,
        "M11": -0.5539065,
        "M12": -0.0175436735,
        "M13": 0.554573655,
        "M20": -0.345325738,
        "M21": 0.4936657,
        "M22": 0.7981506,
        "M23": 1.96333671,
        "M30": 0.0,
        "M31": 0.0,
        "M32": 0.0,
        "M33": 1.0
      },
      "is_constrained": false,
      "parentCon": 14,
      "connection_to_parent": 8,
      "active_connections": [
        0,
        2,
        3,
        4,
        5,
        6,
        9
      ],
      "children": [
        59,
        61
      ]
    },
    "47": {
      "parent": 32,
      "name": "BRANCH",
      "transform": {
        "M00": -0.738238,
        "M01": 0.6704393,
        "M02": -0.07426871,
        "M03": 2.306392,
        "M10": 0.431394875,
        "M11": 0.5539039,
        "M12": 0.7121018,
        "M13": 0.05144474,
        "M20": -0.5185588,
        "M21": -0.4936614,
        "M22": 0.698137,
        "M23": 2.7597518,
        "M30": 0.0,
        "M31": 0.0,
        "M32": 0.0,
        "M33": 1.0
      },
      "is_constrained": false,
      "parentCon": 8,
      "connection_to_parent": 15,
      "active_connections": [
        0,
        1,
        2,
        3,
        4,
        5,
        6,
        7,
        8,
        9,
        10,
        11,
        12,
        13,
        14,
        16,
        17
      ],
      "children": []
    },
    "48": {
      "parent": 39,
      "name": "STICK",
      "transform": {
        "M00": 0.8950889,
        "M01": 0.017295897,
        "M02": 0.445552081,
        "M03": 1.59038949,
        "M10": 0.442133874,
        "M11": 0.0949604362,
        "M12": -0.8919084,
        "M13": 0.228797421,
        "M20": 0.0577361658,
        "M21": -0.995331049,
        "M22": -0.07735093,
        "M23": 2.518475,
        "M30": 0.0,
        "M31": 0.0,
        "M32": 0.0,
        "M33": 1.0
      },
      "is_constrained": false,
      "parentCon": 15,
      "connection_to_parent": 9,
      "active_connections": [
        0,
        1,
        2,
        3,
        4,
        5,
        6,
        7,
        8
      ],
      "children": []
    },
    "49": {
      "parent": 45,
      "name": "BRANCH",
      "transform": {
        "M00": -0.433436275,
        "M01": 0.3442788,
        "M02": -0.832829535,
        "M03": 2.39132023,
        "M10": 0.8323963,
        "M11": -0.2011791,
        "M12": -0.516375065,
        "M13": -0.3315913,
        "M20": 0.345324934,
        "M21": 0.91706,
        "M22": 0.199378118,
        "M23": 2.32263374,
        "M30": 0.0,
        "M31": 0.0,
        "M32": 0.0,
        "M33": 1.0
      },
      "is_constrained": false,
      "parentCon": 8,
      "connection_to_parent": 14,
      "active_connections": [
        0,
        1,
        2,
        3,
        4,
        5,
        6,
        7,
        8,
        9,
        10,
        11,
        12,
        13,
        15,
        16,
        17
      ],
      "children": []
    },
    "50": {
      "parent": 41,
      "name": "STICK",
      "transform": {
        "M00": 0.5902875,
        "M01": -0.515036166,
        "M02": 0.6215291,
        "M03": 1.34810615,
        "M10": 0.04112801,
        "M11": -0.7497977,
        "M12": -0.6603879,
        "M13": -0.09307855,
        "M20": -0.806144655,
        "M21": -0.415380955,
        "M22": 0.4214138,
        "M23": 1.87697852,
        "M30": 0.0,
        "M31": 0.0,
        "M32": 0.0,
        "M33": 1.0
      },
      "is_constrained": false,
      "parentCon": 9,
      "connection_to_parent": 8,
      "active_connections": [
        0,
        1,
        2,
        3,
        4,
        5,
        6,
        7,
        9
      ],
      "children": []
    },
    "51": {
      "parent": 41,
      "name": "STICK",
      "transform": {
        "M00": -0.2431171,
        "M01": -0.51503706,
        "M02": 0.82196784,
        "M03": 1.64957333,
        "M10": 0.5924783,
        "M11": -0.7497966,
        "M12": -0.294575453,
        "M13": 0.2100762,
        "M20": -0.7680259,
        "M21": -0.4153819,
        "M22": -0.487436533,
        "M23": 1.918937,
        "M30": 0.0,
        "M31": 0.0,
        "M32": 0.0,
        "M33": 1.0
      },
      "is_constrained": false,
      "parentCon": 4,
      "connection_to_parent": 7,
      "active_connections": [
        0,
        1,
        2,
        3,
        4,
        5,
        6,
        8,
        9
      ],
      "children": []
    },
    "52": {
      "parent": 17,
      "name": "BRANCH",
      "transform": {
        "M00": 0.590286,
        "M01": -0.41430527,
        "M02": -0.692757964,
        "M03": 0.915750444,
        "M10": 0.0411302149,
        "M11": 0.872552752,
        "M12": -0.48678565,
        "M13": 0.7167699,
